4294967278,132
4294967278,130
4294967278,129
4294967278,124
4294967278,119
4294967278,118
4294967278,117
4294967278,116
4294967278,115
4294967278,114
4294967278,113
4294967278,112
4294967278,111
4294967278,110
4294967278,109
4294967278,108
4294967278,107
4294967278,106
4294967278,105
4294967278,103
0,5
4294967294,67
4294967294,470
4294967294,25
4294967294,93
4294967294,95
4294967294,43
4294967294,416
4294967294,51
4294967294,52
4294967294,50
4294967294,1017
4294967294,26
4294967294,92
4294967294,88
4294967294,201
4294967294,1415
4294967294,83
4294967294,11
4294967294,81
4294967294,68
4294967293,131
4294967293,130
4294967293,129
4294967293,128
4294967293,127
4294967293,126
4294967293,125
4294967293,124
4294967293,123
4294967293,122
4294967293,121
4294967293,120
4294967293,119
4294967293,118
4294967293,117
4294967293,116
4294967293,115
4294967293,114
4294967293,113
4294967293,112
4294967293,111
4294967293,110
4294967293,109
4294967293,108
4294967293,107
4294967293,106
4294967293,105
4294967293,104
4294967293,103
4294967293,102
4294967293,101
4294967293,100
4294967293,99
4294967293,98
4294967293,97
4294967293,96
4294967293,95
4294967293,94
4294967293,93
4294967293,92
4294967293,91
4294967293,90
4294967293,89
4294967293,87
4294967293,86
4294967293,85
4294967293,84
4294967293,83
4294967293,82
4294967293,81
4294967293,80
4294967293,79
4294967293,78
4294967293,77
4294967293,76
4294967293,75
4294967293,74
4294967293,73
4294967293,72
4294967293,71
4294967293,70
4294967293,69
4294967293,68
4294967293,67
4294967293,66
4294967293,65
4294967293,64
4294967293,63
4294967293,62
4294967293,61
4294967293,60
4294967293,59
4294967293,58
4294967293,57
4294967293,56
4294967293,55
4294967293,54
4294967293,53
4294967293,52
4294967293,51
4294967293,50
4294967293,49
4294967293,48
4294967293,47
4294967293,46
4294967293,45
4294967293,44
4294967293,43
4294967293,42
4294967293,41
4294967293,40
4294967293,39
4294967293,38
4294967293,37
4294967293,36
4294967293,35
4294967293,34
4294967293,33
4294967293,32
4294967293,31
4294967293,30
4294967293,29
4294967293,28
4294967293,27
4294967293,26
4294967293,25
4294967293,24
4294967293,23
4294967293,22
4294967293,21
4294967293,20
4294967293,19
4294967293,18
4294967293,17
4294967293,16
4294967293,15
4294967293,14
4294967293,13
4294967293,12
4294967293,11
4294967293,10
4294967293,9
4294967293,8
4294967293,7
4294967293,6
4294967293,5
4294967293,4
4294967293,3
4294967278,346
4294967279,106
4294967279,105
4294967279,104
4294967279,103
4294967279,101
4294967279,98
4294967279,539
4294967278,294
4294967279,330
4294967278,340
4294967279,144
4294967279,138
4294967278,138
4294967279,272
4294967278,277
4294967278,136
4294967278,135
4294967278,133
4294967279,271
4294967278,276
4294967278,288
4294967278,287
4294967279,279
4294967279,277
4294967278,270
4294967279,265
4294967278,269
4294967294,1418
4294967279,263
4294967279,262
4294967278,262
4294967279,254
4294967279,253
175,5
175,4
175,3
175,2
175,1
4294967278,360
173,4
173,3
173,2
173,1
4294967278,252
4294967279,321
4294967279,515
172,6
4294967279,514
4294967278,247
4294967278,245
172,5
4294967279,241
172,4
4294967279,239
172,3
172,2
172,1
4294967279,512
4294967279,234
171,5
171,4
171,3
171,2
171,1
4294967279,107
4294967278,223
4294967278,221
170,5
4294967279,102
170,4
170,3
170,2
170,1
4294967279,214
4294967279,99
4294967279,211
4294967278,212
4294967279,100
4294967279,318
4294967278,211
169,5
4294967279,210
169,4
169,3
169,2
169,1
4294967278,207
4294967279,557
4294967294,400
4294967294,1417
4294967294,420
4294967294,177
4294967294,183
4294967294,167
4294967294,116
4294967294,465
4294967294,413
4294967294,119
4294967279,556
4294967279,205
4294967279,94
4294967279,92
4294967279,316
4294967278,368
4294967278,202
4294967278,369
4294967279,91
4294967279,315
4294967279,314
4294967279,200
4294967278,197
4294967278,351
4294967294,1414
4294967294,998
4294967294,188
4294967294,179
4294967294,528
4294967294,419
4294967294,1007
4294967278,347
4294967279,97
4294967279,96
4294967279,95
4294967279,93
4294967279,549
4294967279,310
4294967279,189
4294967278,188
4294967278,187
4294967279,187
4294967279,186
4294967278,183
4294967278,182
4294967278,181
4294967279,307
4294967278,180
4294967279,180
4294967279,179
4294967278,178
4294967279,176
4294967279,178
168,5
168,4
4294967279,177
168,3
168,2
168,1
4294967279,305
4294967279,175
4294967278,172
166,4
166,3
166,2
166,1
4294967279,297
4294967278,168
4294967278,167
4294967278,304
4294967279,296
4294967279,295
165,6
4294967279,294
4294967278,394
4294967278,396
165,5
4294967279,161
165,4
4294967279,160
165,3
165,2
165,1
4294967279,565
4294967278,158
4294967279,155
4294967278,157
4294967278,365
4294967279,156
4294967279,542
164,5
164,4
4294967278,153
164,3
164,2
164,1
4294967278,297
4294967278,296
4294967278,295
4294967279,149
163,5
4294967278,147
163,4
163,3
163,2
163,1
4294967279,537
4294967279,145
4294967278,145
4294967279,142
4294967278,144
4294967279,535
4294967279,534
162,5
4294967279,141
4294967279,140
162,4
4294967278,140
162,3
162,2
162,1
4294967278,335
4294967279,139
4294967278,139
4294967279,531
4294967279,337
4294967278,137
4294967278,290
4294967279,284
4294967278,134
4294967278,333
4294967279,530
4294967279,283
4294967279,270
4294967294,1014
4294967294,170
4294967294,198
4294967294,196
4294967294,387
4294967278,274
4294967278,283
4294967279,336
4294967278,373
4294967278,395
4294967278,281
4294967278,282
4294967278,260
4294967278,5
4294967279,131
4294967279,129
4294967279,128
4294967279,127
4294967279,126
4294967279,174
4294967279,124
4294967279,123
4294967279,122
4294967279,121
4294967279,120
4294967279,119
4294967279,117
4294967279,110
